%YAML:1.0

#--------------------------------------------------------------------------------------------
# Camera Parameters
#--------------------------------------------------------------------------------------------

calibration_time: "Sun Dec 11 10:31:45 2016"
camera_delay: 0.35         # Time for image to be received from camera, in sec
image_width: 1280
image_height: 720
board_width: 9
board_height: 6
square_size_downward: 8.3333333329999992e-03
square_size_forward: 2.5000000000000001e-02
fc_height: 0.245
camera_matrix_downward: !!opencv-matrix
   rows: 3
   cols: 3
   dt: d
   data: [ 9.3675878029561602e+02, 0., 6.5340054391077445e+02, 0.,
       1.0526914436710681e+03, 3.8931359655876548e+02, 0., 0., 1. ]
camera_matrix_forward: !!opencv-matrix
   rows: 3
   cols: 3
   dt: d
   data: [ 6.1655246514762030e+02, 0., 6.5894383266805221e+02, 0.,
       6.9278563214942369e+02, 3.4202977197569805e+02, 0., 0., 1. ]
distortion_coefficients_downward: !!opencv-matrix
   rows: 5
   cols: 1
   dt: d
   data: [ -4.2545392276109545e-01, 2.3038877657318918e-01,
       2.1222444818728013e-03, -5.9381828950976065e-04,
       -5.3534727437298563e-02 ]
distortion_coefficients_forward: !!opencv-matrix
   rows: 5
   cols: 1
   dt: d
   data: [ -3.4957507658465825e-01, 1.2951822280861189e-01,
       -6.1820043917253553e-04, 1.7090048779802073e-04,
       -2.2224123357181602e-02 ]
rot_downward: !!opencv-matrix
   rows: 3
   cols: 1
   dt: d
   data: [ -1.4366299032370775e-01, 2.2696857502969167e-01,
       3.0974293918642770e+00 ]
trans_downward: !!opencv-matrix
   rows: 3
   cols: 1
   dt: d
   data: [ 1.3856612461326973e-01, -1.6952939109408378e-02,
       -1.2384713445328663e-01 ]
rot_forward: !!opencv-matrix
   rows: 3
   cols: 1
   dt: d
   data: [ -1.0377621576954525e+00, -1.2297925228073834e+00,
       -1.1712679189924837e+00 ]
trans_forward: !!opencv-matrix
   rows: 3
   cols: 1
   dt: d
   data: [ 4.1862300046723061e-02, -1.5906196311585666e-01,
       -1.5419174197843033e-01 ]
rms error_downward: -1.
rms error_forward: -1.

#--------------------------------------------------------------------------------------------
# ORB Parameters
#--------------------------------------------------------------------------------------------

# ORB Extractor: Number of features per image
ORBextractor.nFeatures: 6000

# ORB Extractor: Scale factor between levels in the scale pyramid 	
ORBextractor.scaleFactor: 1.2

# ORB Extractor: Number of levels in the scale pyramid	
ORBextractor.nLevels: 8

# ORB Extractor: Fast threshold
# Image is divided in a grid. At each cell FAST are extracted imposing a minimum response.
# Firstly we impose iniThFAST. If no corners are detected we impose a lower value minThFAST
# You can lower these values if your images have low contrast			
ORBextractor.iniThFAST: 20
ORBextractor.minThFAST: 7
#ORBextractor.iniThFAST: 14
#ORBextractor.minThFAST: 5

#--------------------------------------------------------------------------------------------
# Viewer Parameters
#--------------------------------------------------------------------------------------------
Viewer.KeyFrameSize: 0.05
Viewer.KeyFrameLineWidth: 1
Viewer.GraphLineWidth: 0.9
Viewer.PointSize:2
Viewer.CameraSize: 0.08
Viewer.CameraLineWidth: 3
Viewer.ViewpointX: 0
Viewer.ViewpointY: -0.7
Viewer.ViewpointZ: -1.8
Viewer.ViewpointF: 500

